200 0.0 0.0 -90.0 0.0 0.0 0.0 0.0 0.0 0.0 -15.0 15.0 0.0 0.0 0.0 0.0 -15.0 15.0 0.0 -90.0 0.0 0.0 0.0
200 0.0 0.0 -90.0 0.0 0.0 0.0 0.0 10.0 0.0 -15.0 15.0 -10.0 0.0 10.0 0.0 -15.0 15.0 -10.0 -90.0 0.0 0.0 0.0
20 0.0 0.0 -90.0 0.0 0.0 0.0 0.0 10.0 15.0 -45.0 30.0 -10.0 0.0 10.0 0.0 -15.0 15.0 -10.0 -90.0 -30.0 0.0 0.0
500 0.0 0.0 -90.0 0.0 0.0 0.0 -30.0 20.0 30.0 -60.0 15.0 -10.0 -50.0 0.0 -25.0 -25.0 15.0 -10.0 -90.0 -30.0 0.0 0.0
200 0.0 0.0 -90.0 0.0 0.0 0.0 -20.0 20.0 5.0 -25.0 5.0 -15.0 -50.0 0.0 -25.0 -25.0 15.0 -10.0 -90.0 -30.0 0.0 0.0
200 0.0 0.0 -90.0 0.0 0.0 0.0 -20.0 20.0 10.0 -40.0 24.0 -10.0 -50.0 0.0 -25.0 -25.0 15.0 0.0 -90.0 -30.0 0.0 0.0
200 0.0 0.0 -90.0 30.0 0.0 0.0 -20.0 20.0 10.0 -40.0 24.0 -10.0 -50.0 0.0 -25.0 -25.0 15.0 0.0 -90.0 0.0 0.0 0.0
500 0.0 0.0 -90.0 30.0 0.0 0.0 -20.0 20.0 10.0 -40.0 25.0 5.0 -50.0 0.0 -25.0 -25.0 -15.0 0.0 -90.0 0.0 0.0 0.0
200 0.0 0.0 -90.0 30.0 0.0 0.0 -20.0 20.0 10.0 -40.0 24.0 5.0 -50.0 0.0 -25.0 -45.0 30.0 0.0 -90.0 0.0 0.0 0.0
200 -0.0 0.0 -90.0 30.0 -0.0 -0.0 0.0 -10.0 0.0 -15.0 15.0 10.0 0.0 -10.0 15.0 -45.0 30.0 10.0 -90.0 -0.0 -0.0 -0.0
200 -0.0 0.0 -90.0 -0.0 -0.0 -0.0 0.0 -0.0 0.0 -15.0 15.0 -0.0 0.0 -0.0 0.0 -15.0 15.0 -0.0 -90.0 -0.0 -0.0 -0.0
