300 0 -15.75 -46.5 24 -51.75 -44.25 0 -6 -7.5 -0 9 10.5 0 -6 9 -0 -6.75 8.25 -82.5 -45 51.75 44.25
300 -3.75 -15.75 -46.5 34.5 -51.75 -44.25 0 0 -7.5 -0 12.75 3.75 0 0 13.5 -0 -6.75 3 -82.5 -34.5 51.75 44.25
300 0 -15.75 -46.5 45 -51.75 -44.25 0 6 -7.5 -0 9 -8.25 0 6 9 -0 -2.25 -8.25 -82.5 -24 51.75 44.25
300 0 -15.75 -56.25 45 -51.75 -44.25 0 6 4.5 -27 20.25 -8.25 0 6 9 -11.25 5.25 -8.25 -72.75 -24 51.75 44.25
300 0 -15.75 -64.5 45 -51.75 -44.25 0 6 31.5 -51.75 9.75 -8.25 0 6 9 -22.5 17.25 -8.25 -64.5 -24 51.75 44.25
300 0 -15.75 -82.5 45 -51.75 -44.25 0 6 9 -0 -6.75 -8.25 0 6 -7.5 -0 9 -10.5 -46.5 -24 51.75 44.25
300 -3.75 -15.75 -82.5 34.5 -51.75 -44.25 0 0 13.5 -0 -6.75 -3 0 0 -7.5 -0 12.75 -3.75 -46.5 -34.5 51.75 44.25
300 0 -15.75 -82.5 24 -51.75 -44.25 0 -6 9 -0 -2.25 8.25 0 -6 -7.5 -0 9 8.25 -46.5 -45 51.75 44.25
300 0 -15.75 -72.75 24 -51.75 -44.25 0 -6 9 -11.25 5.25 8.25 0 -6 4.5 -27 20.25 8.25 -56.25 -45 51.75 44.25
300 0 -15.75 -63 24 -51.75 -44.25 0 -6 9 -22.5 17.25 8.25 0 -6 31.5 -51.75 9.75 8.25 -63 -45 51.75 44.25
