300 0 -10.5 -31 16 -34.5 -29.5 0 -4 -5 -0 6 7 0 -4 6 -0 -4.5 5.5 -55 -30 34.5 29.5
300 -2.5 -10.5 -31 23 -34.5 -29.5 0 0 -5 -0 8.5 2.5 0 0 9 -0 -4.5 2 -55 -23 34.5 29.5
300 0 -10.5 -31 30 -34.5 -29.5 0 4 -5 -0 6 -5.5 0 4 6 -0 -1.5 -5.5 -55 -16 34.5 29.5
300 0 -10.5 -37.5 30 -34.5 -29.5 0 4 3 -18 13.5 -5.5 0 4 6 -7.5 3.5 -5.5 -48.5 -16 34.5 29.5
300 0 -10.5 -43 30 -34.5 -29.5 0 4 21 -34.5 6.5 -5.5 0 4 6 -15 11.5 -5.5 -43 -16 34.5 29.5
300 0 -10.5 -55 30 -34.5 -29.5 0 4 6 -0 -4.5 -5.5 0 4 -5 -0 6 -7 -31 -16 34.5 29.5
300 -2.5 -10.5 -55 23 -34.5 -29.5 0 0 9 -0 -4.5 -2 0 0 -5 -0 8.5 -2.5 -31 -23 34.5 29.5
300 0 -10.5 -55 16 -34.5 -29.5 0 -4 6 -0 -1.5 5.5 0 -4 -5 -0 6 5.5 -31 -30 34.5 29.5
300 0 -10.5 -48.5 16 -34.5 -29.5 0 -4 6 -7.5 3.5 5.5 0 -4 3 -18 13.5 5.5 -37.5 -30 34.5 29.5
300 0 -10.5 -42 16 -34.5 -29.5 0 -4 6 -15 11.5 5.5 0 -4 21 -34.5 6.5 5.5 -42 -30 34.5 29.5
